015:0 65 125 40 45 80 110
018:0 83 100 75 70 105 101
028:0 100 110 110 45 75 80
040:0 140 70 70 105 105 45
053:0 65 110 80 80 80 115
124:0 90 50 75 125 100 105
650:0 60 45 60 135 95 120
651:0 100 100 95 95 80 115
652:0 100 130 100 75 75 105
653:0 130 20 110 115 90 55
654:0 80 120 80 100 80 110
655:0 110 75 95 105 110 90
656:0 90 100 80 120 95 100
657:0 75 138 55 85 90 123
658:0 125 110 80 110 80 60
659:0 70 128 75 80 90 121
660:0 100 130 120 55 75 55
661:0 150 50 90 113 100 120
662:0 80 105 125 45 95 30
663:0 105 95 125 80 80 65
664:0 100 80 100 115 100 95
665:0 110 65 80 100 125 90
666:0 105 35 90 130 100 80
667:0 95 80 103 123 103 103
668:0 75 115 115 65 95 75
669:0 115 90 98 145 98 108